[?25l[0m[38;5;232;48;5;232m▄▄[38;5;235m▄[38;5;239;48;5;234m▄[38;5;233;48;5;232m▄[48;5;16m▄[38;5;232m▄[38;5;233m▄[38;5;234m▄[38;5;233m▄[38;5;234m▄[48;5;232m▄[38;5;233m▄[38;5;234m▄[38;5;235m▄[38;5;233;48;5;236m▄[48;5;234m▄[38;5;234;48;5;235m▄[38;5;131;48;5;131m▄▄[38;5;234;48;5;235m▄[38;5;232;48;5;232m▄[38;5;16m▄[38;5;232;48;5;16m▄▄▄[38;5;16m▄[38;5;232m▄▄[38;5;16m▄[38;5;232m▄▄[38;5;16m▄▄[38;5;232;48;5;232m▄[38;5;233;48;5;236m▄[0m
[38;5;232;48;5;232m▄▄[38;5;233;48;5;236m▄[38;5;95;48;5;95m▄[38;5;235;48;5;234m▄[38;5;236m▄[38;5;233;48;5;233m▄[48;5;235m▄[48;5;234m▄[48;5;233m▄[48;5;234m▄▄[48;5;233m▄▄▄▄▄▄[48;5;235m▄[38;5;232m▄[48;5;232m▄▄▄▄[48;5;16m▄[38;5;16m▄▄[48;5;232m▄[48;5;16m▄[48;5;232m▄▄▄▄▄[38;5;232m▄[38;5;234;48;5;233m▄[0m
[38;5;232;48;5;232m▄▄▄▄[48;5;233m▄[38;5;95;48;5;244m▄[38;5;240;48;5;233m▄[38;5;233m▄▄▄▄▄▄▄▄▄▄▄▄▄[38;5;232;48;5;232m▄▄[38;5;233m▄[38;5;232m▄▄[38;5;16;48;5;16m▄▄▄▄▄▄▄[38;5;232;48;5;232m▄[38;5;16;48;5;16m▄[48;5;232m▄[38;5;235;48;5;237m▄[0m
[38;5;232;48;5;232m▄▄▄▄▄[38;5;16;48;5;234m▄[38;5;236;48;5;138m▄[38;5;138;48;5;239m▄[38;5;242;48;5;233m▄[38;5;235m▄[38;5;233m▄▄▄▄▄▄▄▄▄[38;5;232;48;5;232m▄▄▄▄[38;5;16m▄[48;5;16m▄▄▄▄▄[38;5;232m▄[38;5;233;48;5;232m▄[38;5;16;48;5;233m▄[48;5;16m▄▄[48;5;232m▄[38;5;234;48;5;234m▄[0m
[38;5;232;48;5;232m▄▄▄▄▄[48;5;16m▄[38;5;16m▄[48;5;234m▄[38;5;233;48;5;244m▄[38;5;239;48;5;138m▄[38;5;95;48;5;243m▄[38;5;138;48;5;238m▄[48;5;235m▄[38;5;102;48;5;233m▄[38;5;242m▄[38;5;241m▄[38;5;240m▄[38;5;59m▄▄[38;5;240m▄[38;5;239;48;5;232m▄[38;5;233m▄[38;5;232;48;5;16m▄▄[38;5;233m▄▄▄[38;5;232;48;5;232m▄▄[38;5;16m▄[48;5;16m▄▄▄▄▄[48;5;232m▄[0m
[38;5;232;48;5;232m▄▄▄▄[38;5;234m▄[38;5;233m▄[38;5;232;48;5;16m▄[38;5;16m▄[38;5;233;48;5;233m▄[38;5;237;48;5;235m▄[38;5;233;48;5;232m▄[38;5;236;48;5;237m▄[38;5;235;48;5;239m▄[48;5;95m▄[38;5;232;48;5;240m▄[48;5;95m▄[38;5;234m▄[38;5;16m▄[48;5;243m▄[48;5;95m▄▄[38;5;232;48;5;235m▄[38;5;233;48;5;233m▄▄[38;5;235;48;5;235m▄▄[38;5;234;48;5;233m▄[38;5;233;48;5;232m▄[38;5;234;48;5;233m▄[38;5;16;48;5;16m▄▄[38;5;232m▄▄[38;5;234m▄[38;5;16m▄[38;5;236;48;5;233m▄[0m
[38;5;232;48;5;232m▄▄▄▄[38;5;138;48;5;95m▄[38;5;234;48;5;233m▄[38;5;232;48;5;232m▄[48;5;16m▄[38;5;16;48;5;233m▄[38;5;233;48;5;236m▄[38;5;234;48;5;233m▄[38;5;233;48;5;237m▄[48;5;236m▄▄[48;5;234m▄[48;5;232m▄[38;5;235;48;5;234m▄[38;5;232;48;5;16m▄[38;5;16m▄[38;5;233m▄[38;5;16m▄[38;5;233;48;5;232m▄[48;5;233m▄[48;5;234m▄[48;5;236m▄[48;5;237m▄[38;5;232;48;5;235m▄[38;5;233m▄[38;5;232m▄[38;5;16;48;5;16m▄▄[38;5;233;48;5;232m▄[38;5;236;48;5;233m▄[38;5;138;48;5;95m▄[38;5;234;48;5;232m▄[38;5;95;48;5;237m▄[0m
[38;5;232;48;5;232m▄▄▄[38;5;235m▄[38;5;138;48;5;95m▄[48;5;235m▄[38;5;237;48;5;232m▄[38;5;234m▄[38;5;233m▄[38;5;238;48;5;239m▄[38;5;102;48;5;95m▄[38;5;242;48;5;236m▄[38;5;237;48;5;52m▄[38;5;8;48;5;232m▄[48;5;234m▄[38;5;95m▄[38;5;237;48;5;236m▄[38;5;235;48;5;234m▄[38;5;233;48;5;16m▄[38;5;8;48;5;236m▄[38;5;234;48;5;232m▄[38;5;237;48;5;233m▄[38;5;242m▄[38;5;237;48;5;234m▄[38;5;239;48;5;233m▄[38;5;8;48;5;237m▄[38;5;241;48;5;236m▄[38;5;244;48;5;241m▄[38;5;237;48;5;236m▄[38;5;232;48;5;232m▄[38;5;234m▄[38;5;237;48;5;236m▄[38;5;95;48;5;8m▄[38;5;138;48;5;138m▄[38;5;95;48;5;8m▄[48;5;95m▄[0m
[38;5;232;48;5;232m▄▄[38;5;239;48;5;233m▄[38;5;181;48;5;138m▄[38;5;138;48;5;181m▄▄[48;5;138m▄[38;5;181;48;5;238m▄[38;5;138;48;5;234m▄[38;5;8;48;5;95m▄[38;5;239;48;5;8m▄[48;5;238m▄[38;5;95m▄[38;5;138m▄[48;5;240m▄[38;5;174;48;5;95m▄[38;5;181;48;5;239m▄▄[48;5;238m▄[48;5;95m▄[48;5;8m▄[38;5;174;48;5;239m▄[38;5;138;48;5;95m▄[38;5;131;48;5;240m▄[48;5;237m▄[48;5;238m▄[38;5;138;48;5;239m▄[38;5;174;48;5;238m▄[38;5;181;48;5;95m▄[38;5;244;48;5;236m▄[38;5;181;48;5;240m▄[38;5;138;48;5;138m▄[38;5;174m▄[38;5;181m▄[38;5;174;48;5;131m▄[38;5;131;48;5;95m▄[0m
[38;5;232;48;5;232m▄▄[38;5;138;48;5;95m▄[38;5;95;48;5;138m▄[48;5;95m▄[38;5;239m▄[38;5;237;48;5;240m▄[38;5;232;48;5;59m▄[38;5;16;48;5;138m▄[38;5;233;48;5;234m▄[48;5;233m▄[38;5;52;48;5;236m▄[38;5;95;48;5;240m▄[38;5;181;48;5;181m▄▄▄▄▄[38;5;138m▄[38;5;181m▄▄▄▄▄▄▄▄▄[38;5;241;48;5;138m▄[38;5;240;48;5;241m▄[38;5;181;48;5;244m▄[48;5;174m▄[48;5;181m▄▄▄[38;5;174;48;5;138m▄[0m
[38;5;232;48;5;232m▄▄[38;5;131;48;5;138m▄[38;5;239;48;5;239m▄[38;5;95;48;5;95m▄[38;5;239;48;5;239m▄[38;5;237;48;5;237m▄[38;5;16;48;5;16m▄▄▄[48;5;233m▄[38;5;235;48;5;235m▄[38;5;239;48;5;59m▄[38;5;181;48;5;181m▄[38;5;138m▄[38;5;174m▄[38;5;181m▄▄▄▄▄▄[38;5;174m▄[38;5;138m▄▄[38;5;181m▄▄[38;5;238m▄[38;5;95;48;5;59m▄[38;5;138;48;5;181m▄[38;5;131m▄[38;5;95m▄[38;5;239m▄[38;5;236;48;5;180m▄[38;5;235;48;5;138m▄[38;5;236m▄[0m
[38;5;232;48;5;232m▄▄[38;5;239;48;5;95m▄▄[38;5;95m▄[38;5;239;48;5;239m▄[48;5;238m▄[38;5;234;48;5;232m▄[38;5;232;48;5;16m▄[48;5;232m▄[38;5;233m▄[48;5;233m▄[38;5;234;48;5;8m▄[38;5;138;48;5;181m▄[38;5;181m▄[48;5;138m▄▄▄▄▄[38;5;175m▄[38;5;138m▄[48;5;95m▄[38;5;240;48;5;174m▄[38;5;95;48;5;181m▄[38;5;234;48;5;138m▄[38;5;233;48;5;237m▄[38;5;232;48;5;233m▄[48;5;234m▄[38;5;236;48;5;235m▄[38;5;95m▄[38;5;138m▄[38;5;174m▄[48;5;8m▄[48;5;95m▄[38;5;138;48;5;174m▄[0m
[38;5;16;48;5;232m▄[38;5;232m▄[48;5;234m▄[38;5;240;48;5;239m▄[38;5;239m▄▄▄[38;5;236;48;5;235m▄[38;5;232;48;5;232m▄▄[48;5;233m▄[38;5;235;48;5;95m▄[38;5;138;48;5;242m▄[38;5;181;48;5;240m▄[48;5;138m▄[38;5;248;48;5;174m▄[38;5;95;48;5;181m▄[38;5;138m▄[38;5;181m▄[38;5;174m▄[38;5;138;48;5;174m▄[38;5;239;48;5;138m▄[38;5;8;48;5;95m▄[38;5;236;48;5;239m▄[38;5;234;48;5;233m▄▄▄▄▄[38;5;236m▄[38;5;181;48;5;138m▄[48;5;181m▄▄▄▄[38;5;138;48;5;174m▄[0m
[38;5;232;48;5;232m▄▄▄[38;5;8;48;5;239m▄[38;5;238;48;5;238m▄[48;5;239m▄▄[38;5;8;48;5;237m▄[38;5;233;48;5;232m▄[38;5;232m▄▄[38;5;16m▄[38;5;235;48;5;95m▄[38;5;138;48;5;138m▄[38;5;95m▄[48;5;95m▄[38;5;138;48;5;239m▄[38;5;95;48;5;95m▄[38;5;239;48;5;138m▄[38;5;238;48;5;95m▄[48;5;239m▄[38;5;8;48;5;238m▄[38;5;237;48;5;237m▄[38;5;233;48;5;234m▄[38;5;235m▄▄▄▄▄[38;5;138;48;5;59m▄[38;5;181;48;5;181m▄▄▄▄[38;5;131;48;5;174m▄[38;5;95;48;5;95m▄[0m
[38;5;234;48;5;232m▄[38;5;232m▄▄[38;5;233;48;5;236m▄[38;5;238;48;5;8m▄[48;5;238m▄▄▄[38;5;8;48;5;235m▄[38;5;233;48;5;232m▄[38;5;16m▄[48;5;16m▄▄[38;5;238;48;5;237m▄[38;5;95;48;5;95m▄[38;5;238;48;5;138m▄[48;5;239m▄[48;5;238m▄[38;5;8m▄[38;5;237m▄[48;5;8m▄[38;5;235;48;5;237m▄[38;5;233;48;5;234m▄[38;5;234m▄[38;5;235;48;5;235m▄▄▄[38;5;233m▄[38;5;240;48;5;238m▄[38;5;181;48;5;181m▄▄▄▄[38;5;131m▄[38;5;52;48;5;238m▄[48;5;52m▄[0m
[38;5;239;48;5;138m▄[38;5;95;48;5;59m▄[48;5;234m▄[38;5;237;48;5;232m▄[38;5;8;48;5;236m▄[38;5;238;48;5;238m▄[48;5;239m▄[48;5;238m▄▄[48;5;237m▄[38;5;8;48;5;235m▄▄[48;5;236m▄[48;5;237m▄[48;5;8m▄[38;5;237;48;5;238m▄[48;5;8m▄[38;5;236;48;5;237m▄[38;5;235;48;5;236m▄[38;5;236m▄[38;5;235m▄[38;5;233;48;5;233m▄[38;5;234m▄[38;5;235;48;5;235m▄[38;5;234m▄[38;5;233m▄[48;5;234m▄[38;5;232;48;5;232m▄[38;5;16;48;5;16m▄[48;5;239m▄[38;5;235;48;5;174m▄[38;5;95;48;5;181m▄[38;5;236;48;5;138m▄[38;5;52;48;5;236m▄[48;5;52m▄▄[0m
[38;5;238;48;5;238m▄▄[38;5;8m▄▄[38;5;238m▄[38;5;8;48;5;237m▄▄[38;5;237m▄[48;5;8m▄▄▄▄▄[38;5;236;48;5;237m▄▄▄[38;5;235m▄[38;5;234;48;5;234m▄[38;5;235;48;5;233m▄[38;5;138;48;5;235m▄[38;5;241;48;5;234m▄[38;5;238;48;5;233m▄[38;5;235m▄[38;5;237;48;5;234m▄[38;5;240m▄[38;5;236m▄[38;5;235m▄[38;5;234;48;5;233m▄[38;5;16;48;5;16m▄[38;5;234;48;5;232m▄[38;5;236m▄[38;5;233;48;5;16m▄[38;5;16;48;5;234m▄[38;5;233;48;5;52m▄[38;5;235m▄[38;5;236m▄[0m
[38;5;236;48;5;8m▄[48;5;237m▄[38;5;237m▄[48;5;8m▄▄[48;5;237m▄[38;5;235m▄▄▄▄▄▄[38;5;234m▄▄[38;5;236m▄[38;5;237m▄[38;5;239;48;5;95m▄[38;5;138;48;5;239m▄[38;5;239;48;5;8m▄[38;5;138;48;5;138m▄▄[48;5;95m▄[48;5;138m▄▄▄[38;5;241;48;5;241m▄[38;5;233;48;5;234m▄[48;5;233m▄[38;5;16;48;5;16m▄[48;5;232m▄▄▄[48;5;16m▄▄▄[38;5;232;48;5;232m▄[0m
[?25h